934
114
1 3
1 5
3 7
3 8
4 8
4 9
5 10
6 7
6 11
7 13
9 15
10 16
11 17
13 19
15 21
16 22
17 23
19 25
21 27
22 28
23 29
25 31
27 33
28 34
29 35
31 37
33 39
34 40
35 41
37 43
39 45
40 46
41 47
43 49
46 52
47 53
49 55
52 58
53 59
55 61
58 64
59 65
61 67
64 70
65 71
67 73
70 76
71 77
72 78
73 79
76 82
77 83
78 84
79 85
80 86
82 88
83 89
84 90
85 91
86 92
89 95
90 96
91 97
92 98
95 100
96 99
97 98
98 99
100 101
101 102
102 103
103 104
104 105
105 106
106 107
107 108
108 109
109 110
109 111
111 119
112 113
113 114
114 115
115 118
117 118
118 119
119 120
120 122
120 124
121 124
122 125
123 124
125 126
125 131
126 127
127 129
128 129
131 132
131 133
131 134
134 135
135 138
137 138
138 141
138 147
140 141
141 143
142 143
142 144
144 146
147 148
148 150
150 151
151 153
