1945
348
2 58
4 988
5 588
6 624
10 444
13 446
16 624
21 890
32 303
34 446
35 890
38 130
38 158
38 168
38 222
38 447
38 468
38 537
38 554
38 566
38 806
38 839
39 747
41 135
45 575
50 624
55 575
56 890
58 90
58 168
58 952
60 961
65 469
67 890
71 150
74 988
79 624
81 856
82 624
83 205
84 135
92 303
95 469
100 150
101 747
107 373
108 870
111 932
112 469
113 194
115 588
124 570
125 624
129 857
132 861
135 168
135 374
135 409
135 415
135 451
135 517
135 535
135 556
135 595
135 687
135 837
142 871
145 624
147 205
150 153
150 168
150 260
150 268
150 301
150 553
150 568
150 846
150 872
150 885
150 948
155 588
159 790
160 194
163 961
165 735
168 186
168 194
168 202
168 204
168 205
168 252
168 254
168 303
168 324
168 325
168 341
168 365
168 373
168 385
168 388
168 403
168 417
168 444
168 446
168 465
168 469
168 516
168 570
168 575
168 588
168 624
168 632
168 724
168 732
168 735
168 747
168 790
168 794
168 811
168 812
168 856
168 857
168 861
168 870
168 871
168 890
168 926
168 932
168 961
168 988
174 417
176 194
178 794
179 204
180 856
184 194
186 289
186 361
189 325
193 724
194 240
194 249
194 287
194 309
194 315
194 332
194 356
194 586
194 618
194 658
194 737
194 782
194 889
194 989
194 1000
195 469
197 988
198 724
200 870
202 286
202 392
202 892
204 348
204 592
205 551
205 785
210 988
211 790
212 575
214 861
217 632
227 469
232 373
239 747
241 469
243 624
244 890
245 790
246 417
252 259
252 475
252 529
252 678
252 712
252 741
252 760
252 767
252 802
252 835
252 868
252 869
252 937
252 966
254 328
254 755
258 790
261 417
266 732
267 417
269 794
273 747
276 961
281 417
288 856
292 961
294 469
298 632
303 972
304 961
305 724
307 632
308 373
316 624
318 857
324 347
325 433
325 474
325 616
325 697
325 725
325 729
325 777
325 902
325 985
336 388
341 521
341 613
341 656
341 866
343 385
349 747
358 747
365 386
365 487
365 628
368 632
369 988
373 378
373 402
373 509
373 635
373 639
373 711
373 883
373 931
373 982
377 575
380 632
384 570
385 508
385 514
385 557
385 682
403 558
408 624
411 856
416 575
417 442
417 459
417 462
417 511
417 569
417 636
417 679
417 757
417 768
417 776
417 832
417 913
419 790
432 890
441 735
444 979
446 450
446 483
446 573
446 864
446 879
446 893
453 575
456 724
457 926
461 890
463 724
465 490
469 485
469 681
469 700
469 991
492 890
512 870
516 561
516 874
528 961
542 632
543 735
550 988
560 575
570 579
570 633
570 708
570 822
570 825
570 840
575 855
575 920
583 790
594 890
620 747
624 772
624 805
624 819
626 861
631 988
632 650
632 699
632 888
632 967
638 861
648 861
652 861
657 735
665 724
688 790
724 816
724 860
724 990
732 981
735 763
735 789
747 803
747 838
754 961
788 988
790 824
790 993
811 959
812 901
814 861
826 988
856 898
857 908
870 897
871 916
890 912
923 988
926 997
961 975
