1019
999
1 284
2 690
3 422
3 741
4 988
5 401
5 802
6 37
6 348
7 61
7 309
7 643
7 814
8 832
9 351
10 103
10 536
11 124
11 831
11 887
12 226
12 866
12 877
12 938
13 347
13 857
14 481
14 995
15 372
16 387
17 721
18 229
19 892
20 374
20 576
20 632
20 686
20 715
21 441
21 769
21 850
21 899
22 175
22 317
22 747
23 533
24 233
25 102
26 190
26 455
26 586
27 185
28 338
29 608
30 953
31 422
32 980
33 413
34 390
35 54
36 150
38 737
39 999
40 580
41 713
41 995
42 799
43 966
44 330
44 502
44 678
45 737
46 108
46 816
47 288
47 939
48 146
48 337
48 624
49 261
49 762
50 811
51 915
52 208
52 911
53 87
53 968
54 316
54 698
55 337
56 821
57 961
57 981
58 443
58 739
59 480
60 685
62 938
63 243
63 611
64 208
64 217
64 390
64 924
65 74
65 275
65 392
66 239
67 396
67 433
67 479
67 753
68 269
69 166
70 638
71 260
71 704
71 737
71 756
71 795
72 967
73 619
73 651
74 673
75 373
76 714
77 898
78 409
78 486
78 543
78 912
78 952
78 964
79 275
80 110
80 281
80 413
81 601
81 809
82 750
82 794
83 660
84 262
84 270
84 817
85 953
86 477
87 183
87 667
88 618
88 663
89 809
90 273
90 283
90 340
90 552
90 572
90 993
91 128
92 290
93 750
94 349
94 577
95 132
95 223
95 479
95 906
96 616
96 748
97 327
98 352
99 626
100 449
100 980
101 343
102 246
102 597
103 186
103 580
103 761
104 192
104 358
105 404
105 544
105 931
106 856
107 298
109 729
109 852
111 727
112 310
112 959
113 277
113 460
114 201
114 671
114 724
114 936
115 551
115 581
116 128
117 194
118 474
119 795
120 152
121 278
122 431
123 581
124 198
125 214
126 127
126 337
126 563
126 815
126 908
126 957
126 982
127 371
128 965
129 362
129 596
130 239
130 385
130 950
131 305
133 895
133 976
134 196
134 694
135 593
136 798
137 148
138 685
139 150
139 811
139 923
140 365
140 486
140 672
141 374
141 375
141 602
142 782
143 352
143 541
144 221
144 472
144 656
144 832
145 327
145 454
145 506
145 813
147 566
148 246
148 425
148 669
149 290
150 445
150 578
150 929
151 937
152 339
152 733
153 550
154 502
155 503
155 506
156 815
157 711
158 337
159 398
159 948
160 540
160 845
161 567
161 755
161 875
162 296
162 319
162 500
162 509
162 594
162 609
162 680
162 764
162 900
163 272
164 426
164 838
164 947
165 621
166 283
167 275
167 659
167 968
168 446
168 692
169 831
170 246
171 851
172 817
173 248
173 746
174 727
176 516
177 661
178 201
179 274
179 429
179 573
180 324
181 633
181 913
182 302
184 362
185 352
187 374
188 212
188 390
189 384
190 309
190 359
190 391
191 242
191 287
192 858
193 464
193 751
194 980
195 336
196 572
196 922
197 788
199 305
200 242
201 339
202 681
202 998
203 218
203 305
203 384
203 635
203 783
203 929
204 697
205 316
206 463
206 493
207 305
207 550
208 304
208 498
208 974
209 447
209 566
209 682
209 772
209 898
210 803
211 376
212 348
212 371
212 517
212 648
212 743
213 283
214 904
215 254
215 477
216 354
216 737
217 540
217 641
217 661
217 857
218 812
218 966
219 423
219 950
219 955
220 387
220 655
220 829
221 440
222 344
222 522
222 579
222 1000
223 473
223 732
223 914
224 227
224 613
225 254
225 530
226 471
226 786
227 718
228 259
228 378
229 814
230 610
231 621
232 360
232 902
233 698
234 473
235 471
236 811
237 303
237 607
237 757
237 956
238 305
238 388
238 462
238 564
238 651
238 698
238 777
238 1000
239 960
240 607
241 352
242 429
242 863
243 489
243 730
244 549
245 748
246 266
246 501
247 782
249 257
249 306
249 608
249 708
249 866
249 983
250 476
251 344
252 285
253 292
253 987
254 569
254 621
254 990
255 398
256 350
256 571
258 408
259 737
259 816
261 505
262 532
262 762
263 302
263 861
264 671
265 947
267 939
268 659
268 696
269 625
271 723
272 316
272 319
272 326
272 431
272 457
272 482
272 953
273 423
273 452
273 480
273 620
273 864
274 487
275 711
276 628
276 719
276 944
277 349
278 406
278 752
279 312
279 342
279 490
279 546
279 836
279 844
279 971
279 974
280 343
281 334
282 337
283 696
283 757
283 888
283 935
284 510
284 626
284 775
284 821
284 930
285 618
285 896
286 290
288 739
289 396
290 387
291 333
291 369
291 610
291 730
292 522
292 653
293 507
293 678
294 946
294 953
295 665
297 746
298 324
298 454
299 926
300 691
301 832
302 516
302 665
302 737
302 759
304 805
305 484
307 737
307 905
308 625
308 649
308 917
308 1000
309 691
311 331
311 546
311 988
312 876
313 446
314 790
314 967
315 484
316 387
316 542
316 798
316 932
316 994
317 486
317 521
317 594
318 880
319 429
319 681
319 735
319 804
320 423
320 949
321 915
321 941
322 608
323 332
323 433
323 549
323 593
323 604
323 934
325 451
327 626
328 878
329 384
333 442
333 697
335 919
335 961
335 966
336 608
336 883
337 548
337 647
337 651
337 985
338 498
338 739
339 491
339 636
339 744
340 629
341 742
341 917
343 574
343 722
345 706
346 533
348 504
348 940
349 381
350 508
350 866
351 419
352 389
352 729
352 750
352 827
352 868
352 881
353 1000
355 516
356 958
357 962
358 535
358 978
360 889
361 583
361 660
362 966
363 485
364 548
364 662
364 893
366 406
366 677
367 774
368 726
370 980
371 740
371 920
371 958
372 526
372 793
372 825
373 748
374 759
376 402
376 416
376 499
376 768
376 838
377 554
377 663
379 618
380 425
382 867
383 855
384 590
385 403
386 640
386 760
387 559
387 850
387 872
388 422
390 832
390 856
392 494
393 516
394 743
394 787
395 711
397 690
399 736
400 990
401 486
401 612
404 954
405 773
406 540
407 470
407 693
408 578
408 703
409 420
410 933
411 465
411 546
412 625
412 781
412 915
413 480
413 1000
414 724
414 962
415 432
415 797
417 598
417 644
417 873
417 930
417 986
418 566
419 866
420 587
420 965
421 743
422 502
422 738
423 799
424 651
425 848
427 983
428 626
429 519
429 545
430 595
431 670
432 459
432 857
433 681
434 592
435 918
435 950
436 637
437 954
438 575
439 593
441 570
441 714
441 824
444 923
446 497
448 664
450 637
451 487
451 652
451 763
451 765
452 927
452 992
453 490
456 615
457 531
457 892
458 963
459 709
460 477
461 727
464 605
464 835
464 925
466 579
466 907
467 698
468 709
469 751
470 976
474 659
474 855
475 610
475 810
476 801
476 807
476 999
477 520
477 684
478 722
479 581
480 737
481 486
481 822
483 581
483 617
485 692
486 959
487 926
488 502
492 592
493 587
494 674
495 623
495 666
495 705
495 761
495 784
496 615
496 642
496 660
496 722
501 651
502 512
502 537
504 854
504 879
505 630
510 661
511 925
513 581
513 701
514 744
515 899
516 518
516 633
522 746
523 568
524 685
524 689
525 685
526 760
527 622
528 538
529 866
533 537
534 881
538 877
539 681
542 685
544 965
547 611
549 839
552 568
552 658
552 833
553 949
555 665
556 604
557 730
558 681
560 834
560 853
561 993
562 902
565 809
565 945
566 850
567 970
568 750
568 796
568 867
568 884
568 991
575 759
578 774
578 841
578 910
578 970
580 608
581 978
582 865
583 758
584 587
584 886
585 626
587 591
588 882
589 755
592 681
594 880
595 730
595 789
599 987
600 768
600 882
603 884
604 726
605 722
606 978
608 721
608 916
610 793
613 625
613 980
614 799
618 937
621 651
621 838
622 788
623 727
623 809
623 915
624 676
626 664
627 711
627 830
630 871
631 746
633 897
634 761
637 969
638 953
639 735
645 664
646 651
647 828
650 876
652 849
652 859
654 816
657 681
657 870
659 792
660 825
660 851
661 842
661 865
661 996
668 685
668 890
671 965
673 745
673 807
675 817
679 739
681 840
681 933
683 800
684 878
687 698
688 867
690 698
692 934
695 743
696 712
696 860
696 902
698 846
698 928
699 720
700 722
702 853
706 838
707 854
710 759
710 785
716 750
717 980
720 899
721 791
721 843
723 759
725 986
728 936
730 869
730 966
731 893
734 932
736 807
739 780
748 750
749 809
754 766
754 958
765 973
766 937
766 967
767 938
770 803
770 833
771 815
773 806
773 953
776 816
778 963
778 965
779 854
779 894
782 844
784 818
788 814
788 933
793 874
800 857
808 917
812 948
816 834
816 989
817 865
819 863
820 962
823 972
825 831
826 974
831 976
837 904
847 933
853 969
854 909
862 901
862 917
867 979
880 885
891 953
896 984
903 965
904 930
921 965
926 951
929 977
942 944
942 967
943 966
953 972
960 975
988 997
