610
90
38 41
41 43
43 44
44 46
45 47
45 445
46 47
46 561
90 94
94 97
96 100
96 640
97 100
112 113
112 457
113 117
113 636
117 120
120 122
167 168
168 169
169 760
184 727
267 268
267 272
267 553
309 314
309 995
314 317
317 320
320 814
339 343
340 344
343 344
344 631
410 779
445 446
553 557
556 557
556 559
557 561
557 639
559 560
560 563
563 566
563 567
567 568
568 573
572 577
573 577
577 579
579 583
626 630
626 683
629 630
629 631
629 763
630 635
635 640
636 639
639 643
640 644
643 644
643 648
646 650
646 651
648 650
649 651
649 996
650 653
653 657
657 662
661 662
661 722
683 688
722 726
726 727
760 763
777 779
777 782
782 994
814 818
818 821
979 984
984 988
988 992
992 996
994 996
994 999
995 999
