1105
724
1 362
2 570
2 650
4 289
4 492
5 873
6 20
6 366
6 368
6 432
6 581
6 784
7 48
7 71
7 343
7 344
7 411
7 490
7 495
7 504
7 523
7 531
7 732
7 811
7 988
7 993
8 277
10 464
11 652
12 650
12 787
13 330
14 235
16 211
19 213
21 977
22 61
22 724
22 874
24 78
25 371
25 772
26 722
28 202
28 371
28 439
28 618
28 662
28 817
30 274
31 426
32 64
32 224
32 262
32 908
33 968
35 96
36 778
37 263
39 718
40 95
42 189
43 977
44 251
45 421
47 208
47 719
47 847
48 49
48 233
48 681
48 925
49 937
50 383
53 86
53 528
53 670
54 565
54 649
55 459
57 96
57 867
58 610
59 90
62 343
64 182
64 569
64 604
64 726
64 982
67 220
67 228
67 284
67 336
67 368
67 384
67 472
67 512
67 529
67 568
67 670
67 701
68 251
69 368
70 189
71 380
71 839
73 291
77 78
77 506
79 291
79 404
80 161
82 435
83 503
84 293
84 969
84 980
85 119
87 890
90 153
90 165
90 338
90 547
90 614
90 635
90 817
90 864
90 979
91 105
91 248
91 397
91 704
92 368
93 387
93 718
93 957
95 251
96 320
97 466
97 703
97 924
98 362
98 365
98 479
98 595
98 623
99 290
100 794
101 330
102 964
103 492
104 957
105 172
105 189
105 291
105 506
105 645
107 224
107 279
107 376
108 467
108 492
109 521
110 722
113 314
114 652
115 238
116 488
119 294
119 297
119 383
119 766
119 893
120 506
121 756
121 816
126 330
127 251
129 148
130 462
131 139
131 426
131 745
132 832
133 809
135 631
135 738
135 957
136 813
137 945
140 204
140 263
140 866
141 339
141 416
141 907
142 741
145 383
146 444
148 301
148 616
148 640
148 832
150 161
150 506
154 911
156 485
156 510
156 897
157 993
158 464
159 417
160 666
160 950
161 583
164 417
165 252
165 986
167 417
168 866
170 305
170 508
170 955
172 972
173 362
175 362
176 838
178 611
179 330
179 716
179 791
180 286
182 183
184 374
186 611
186 946
189 276
190 587
197 512
200 621
202 683
202 921
203 817
204 520
204 853
205 512
207 530
209 459
210 211
211 218
211 292
211 325
211 352
211 370
211 579
211 722
211 757
211 802
211 826
211 966
211 977
211 983
212 493
213 304
216 610
221 387
222 484
223 527
224 383
224 506
224 510
224 589
224 592
224 699
224 771
224 797
224 930
226 522
226 648
228 596
228 741
229 463
231 330
231 378
231 826
233 240
234 565
235 335
235 565
236 589
236 593
237 565
238 670
238 747
238 953
240 740
241 368
242 251
242 821
245 254
245 980
249 509
251 256
251 388
251 488
251 627
251 844
253 417
254 564
255 330
256 487
257 530
259 492
259 843
261 587
263 995
266 793
267 670
268 629
269 291
270 314
270 826
270 935
270 999
272 456
273 415
274 438
274 666
274 763
274 840
277 844
281 435
282 330
283 378
286 356
286 552
286 746
286 815
287 804
287 891
287 956
288 337
288 562
288 722
288 990
290 611
291 302
291 323
291 509
291 654
291 675
291 764
292 827
295 826
296 642
296 665
296 710
296 911
296 920
296 944
296 945
296 957
298 464
299 778
304 530
308 977
309 426
310 495
311 957
312 643
313 867
315 867
317 419
317 506
321 782
321 831
322 832
324 844
326 778
328 760
328 837
330 360
330 428
331 667
331 883
333 420
333 728
336 461
336 493
340 488
342 667
343 437
343 799
343 934
344 375
346 347
347 367
347 848
347 983
348 417
349 722
349 915
351 417
353 357
353 417
353 456
354 396
355 400
356 462
356 491
356 628
356 883
356 890
356 923
356 957
357 585
358 945
359 383
361 866
362 454
362 477
362 522
362 558
362 863
362 885
363 883
364 456
369 387
374 535
374 852
376 773
377 866
379 865
382 530
383 686
383 884
385 993
386 523
387 861
389 801
390 413
390 866
391 867
393 463
395 865
396 459
396 563
397 622
400 727
401 426
402 817
403 462
408 540
410 548
410 722
410 833
412 578
413 455
414 779
415 731
415 913
417 731
417 865
417 957
421 532
422 592
423 980
426 643
426 825
426 936
426 955
427 506
430 645
433 492
435 530
435 676
442 461
443 493
443 615
444 588
445 922
446 503
449 944
450 826
451 510
451 590
451 775
451 857
452 957
456 457
458 592
459 558
459 917
459 922
463 464
463 992
464 854
464 957
464 973
465 671
469 540
471 731
475 488
475 769
475 989
476 654
478 980
480 980
481 832
482 587
484 502
484 666
488 541
488 558
488 561
488 795
488 855
489 764
492 504
492 690
492 803
492 907
492 910
493 624
495 959
496 883
497 966
498 793
499 666
500 977
501 980
503 612
503 830
503 896
503 912
503 951
504 506
504 831
504 867
504 891
506 558
506 565
506 660
506 670
506 760
506 819
506 826
506 932
506 957
506 970
506 980
509 669
510 671
510 964
512 876
516 925
521 559
521 980
524 556
524 695
524 949
526 722
527 877
530 538
530 607
530 610
530 677
530 724
530 905
530 957
532 866
534 911
536 789
536 980
537 582
540 819
546 822
550 670
550 715
553 915
555 941
557 742
558 588
558 866
560 793
565 728
565 877
567 678
572 666
576 666
578 801
580 639
580 911
582 636
586 666
587 768
587 826
588 895
589 705
596 898
598 658
599 652
601 678
605 650
610 849
611 646
611 666
611 751
620 679
621 801
625 981
626 650
629 658
629 666
629 723
633 657
636 826
637 789
644 645
647 832
650 754
650 867
651 652
651 793
652 661
652 928
652 957
652 978
655 807
655 817
656 826
657 944
663 944
665 688
665 856
666 670
670 707
670 719
670 796
670 817
670 852
670 952
672 891
677 788
677 808
678 735
678 980
678 981
679 957
680 822
682 993
684 968
684 980
689 944
693 757
693 974
694 832
695 929
695 957
697 832
700 764
710 851
718 758
720 950
725 817
725 918
727 811
731 734
731 794
733 779
735 870
742 983
743 797
748 811
749 867
753 764
756 980
759 981
767 801
776 779
778 867
779 830
794 869
794 954
797 901
798 957
801 938
801 980
806 832
809 907
810 872
811 958
812 891
813 980
817 822
817 933
822 850
826 924
827 919
828 851
829 981
830 957
832 980
838 983
845 918
846 890
851 943
860 977
866 881
866 984
871 885
872 881
873 957
886 983
891 941
895 904
916 929
926 993
927 929
939 950
955 957
957 961
993 997
