1045
425
1 5
2 6
3 6
3 25
4 5
5 6
7 11
8 12
9 12
10 11
10 26
11 12
13 17
14 18
14 25
15 18
16 17
17 18
19 23
19 26
20 24
21 24
21 105
22 23
23 24
25 26
27 31
28 32
29 32
29 51
30 31
31 32
33 37
34 38
35 38
36 37
36 52
37 38
39 43
40 44
40 51
41 44
42 43
42 106
43 44
45 49
45 52
46 50
47 50
48 49
49 50
51 52
53 57
54 58
55 58
55 77
56 57
57 58
59 63
60 64
60 105
61 64
62 63
62 78
63 64
65 69
66 70
66 77
67 70
68 69
69 70
71 75
71 78
72 76
73 76
74 75
75 76
77 78
79 83
79 106
80 84
81 84
81 103
82 83
83 84
85 89
86 90
87 90
88 89
88 104
89 90
91 95
92 96
92 103
93 96
94 95
95 96
97 101
97 104
98 102
99 102
99 425
100 101
101 102
103 104
105 106
107 111
108 112
109 112
109 131
110 111
111 112
113 117
114 118
115 118
116 117
116 132
117 118
119 123
120 124
120 131
121 124
122 123
123 124
125 129
125 132
126 130
127 130
127 211
128 129
129 130
131 132
133 137
134 138
135 138
135 157
136 137
137 138
139 143
140 144
141 144
142 143
142 158
143 144
145 149
146 150
146 157
147 150
148 149
148 212
149 150
151 155
151 158
152 156
153 156
154 155
155 156
157 158
159 163
160 164
161 164
161 183
162 163
163 164
165 169
166 170
166 211
167 170
168 169
168 184
169 170
171 175
172 176
172 183
173 176
174 175
174 426
175 176
177 181
177 184
178 182
179 182
180 181
181 182
183 184
185 189
185 212
186 190
187 190
187 209
188 189
189 190
191 195
192 196
193 196
194 195
194 210
195 196
197 201
198 202
198 209
199 202
200 201
201 202
203 207
203 210
204 208
205 208
206 207
207 208
209 210
211 212
213 217
214 218
215 218
215 237
216 217
217 218
219 223
220 224
221 224
222 223
222 238
223 224
225 229
226 230
226 237
227 230
228 229
229 230
231 235
231 238
232 236
233 236
233 317
234 235
235 236
237 238
239 243
240 244
241 244
241 263
242 243
243 244
245 249
246 250
246 425
247 250
248 249
248 264
249 250
251 255
252 256
252 263
253 256
254 255
254 318
255 256
257 261
257 264
258 262
259 262
260 261
261 262
263 264
265 269
266 270
267 270
267 289
268 269
269 270
271 275
272 276
272 317
273 276
274 275
274 290
275 276
277 281
278 282
278 289
279 282
280 281
281 282
283 287
283 290
284 288
285 288
286 287
287 288
289 290
291 295
291 318
292 296
293 296
293 315
294 295
295 296
297 301
298 302
299 302
300 301
300 316
301 302
303 307
304 308
304 315
305 308
306 307
307 308
309 313
309 316
310 314
311 314
312 313
313 314
315 316
317 318
319 323
319 426
320 324
321 324
321 343
322 323
323 324
325 329
326 330
327 330
328 329
328 344
329 330
331 335
332 336
332 343
333 336
334 335
335 336
337 341
337 344
338 342
339 342
339 423
340 341
341 342
343 344
345 349
346 350
347 350
347 369
348 349
349 350
351 355
352 356
353 356
354 355
354 370
355 356
357 361
358 362
358 369
359 362
360 361
360 424
361 362
363 367
363 370
364 368
365 368
366 367
367 368
369 370
371 375
372 376
373 376
373 395
374 375
375 376
377 381
378 382
378 423
379 382
380 381
380 396
381 382
383 387
384 388
384 395
385 388
386 387
387 388
389 393
389 396
390 394
391 394
392 393
393 394
395 396
397 401
397 424
398 402
399 402
399 421
400 401
401 402
403 407
404 408
405 408
406 407
406 422
407 408
409 413
410 414
410 421
411 414
412 413
413 414
415 419
415 422
416 420
417 420
418 419
419 420
421 422
423 424
425 426
