4159
131
1 618
2 164
3 615
4 427
5 105
6 131
7 344
8 164
9 916
10 469
11 344
12 434
13 618
14 164
15 835
16 434
17 344
18 131
19 520
20 261
21 590
22 384
23 164
24 261
25 618
26 476
27 194
28 835
29 778
30 606
31 344
32 835
33 864
34 105
35 434
36 164
37 164
38 105
39 131
40 662
41 131
42 105
43 662
44 131
45 261
46 164
47 367
48 662
49 434
50 164
51 105
52 916
53 131
54 507
55 618
56 864
57 131
58 878
59 105
60 864
61 105
62 131
63 105
64 105
65 639
66 164
67 105
68 639
69 778
70 105
71 105
72 105
73 667
74 618
75 105
76 131
77 105
78 105
79 434
80 528
81 778
82 344
83 105
84 662
85 261
86 105
87 131
88 261
89 977
90 639
91 344
92 105
93 105
94 590
95 105
96 214
97 618
98 105
99 778
100 639
105 344
105 694
131 194
131 427
131 520
164 606
164 878
164 977
214 662
261 367
261 590
261 639
344 520
344 618
344 667
384 977
434 618
434 835
469 977
476 694
507 590
520 662
528 751
615 965
618 639
618 965
639 778
639 916
751 977
778 864
778 977
