14651
578
1 860
2 866
3 628
4 995
5 394
6 894
7 695
8 699
9 934
10 329
11 543
12 857
13 411
14 409
15 610
16 779
17 887
18 466
19 415
20 922
21 571
22 602
23 528
24 975
25 876
26 948
27 837
28 891
29 907
30 964
31 516
32 794
33 905
34 459
35 420
36 828
37 945
38 765
39 826
40 414
41 601
42 672
43 764
44 559
45 614
46 851
47 316
48 332
49 460
50 381
51 454
52 475
53 928
54 304
55 854
56 893
57 898
58 354
59 739
60 448
61 649
62 952
63 981
64 602
65 773
66 435
67 319
68 425
69 785
70 966
71 589
72 382
73 660
74 706
75 659
76 440
77 776
78 580
79 624
80 760
81 563
82 996
83 896
84 903
85 610
86 325
87 416
88 982
89 383
90 991
91 421
92 515
93 823
94 935
95 532
96 560
97 684
98 650
99 623
100 682
101 429
102 750
103 329
104 639
105 311
106 440
107 652
108 864
109 508
110 433
111 908
112 657
113 322
114 761
115 956
116 421
117 979
118 986
119 550
120 991
121 439
122 733
123 897
124 531
125 894
126 687
127 397
128 706
129 630
130 367
131 502
132 514
133 659
134 997
135 857
136 562
137 896
138 600
139 680
140 310
141 670
142 413
143 716
144 354
145 1000
146 683
147 353
148 306
149 972
150 458
151 302
152 399
153 546
154 440
155 882
156 460
157 408
158 968
159 460
160 572
161 827
162 935
163 830
164 410
165 565
166 869
167 419
168 474
169 447
170 571
171 372
172 836
173 614
174 537
175 944
176 594
177 957
178 999
179 331
180 308
181 348
182 885
183 890
184 872
185 763
186 447
187 855
188 766
189 312
190 656
191 818
192 893
193 936
194 884
195 800
196 359
197 904
198 678
199 586
200 517
201 888
202 644
203 987
204 871
205 642
206 315
207 730
208 719
209 394
210 646
211 811
212 841
213 422
214 327
215 524
216 550
217 544
218 838
219 892
220 496
221 678
222 613
223 705
224 848
225 758
226 730
227 980
228 535
229 650
230 764
231 635
232 642
233 419
234 555
235 749
236 905
237 504
238 823
239 473
240 584
241 874
242 949
243 385
244 869
245 590
246 574
247 489
248 611
249 570
250 803
251 416
252 799
253 939
254 315
255 959
256 847
257 747
258 981
259 342
260 668
261 879
262 410
263 612
264 844
265 538
266 463
267 383
268 369
269 947
270 340
271 893
272 883
273 880
274 310
275 386
276 743
277 453
278 571
279 476
280 947
281 336
282 494
283 804
284 308
285 377
286 738
287 769
288 612
289 808
290 963
291 487
292 867
293 425
294 525
295 719
296 686
297 883
298 320
299 932
300 555
302 815
304 664
306 564
308 475
310 562
311 440
312 327
315 520
316 560
319 767
320 327
322 327
325 559
327 415
327 419
327 476
327 562
327 586
327 601
327 657
327 749
327 876
327 934
327 979
329 594
331 594
332 561
336 633
340 458
342 594
348 562
353 619
354 898
355 386
355 409
355 411
355 459
355 562
355 628
355 765
355 773
355 776
355 888
359 619
367 440
368 413
368 494
368 516
368 562
368 672
368 851
368 857
368 894
368 905
368 928
368 944
368 964
368 987
369 453
372 421
377 633
381 545
382 564
383 834
385 594
394 396
396 439
396 502
396 562
396 565
396 584
396 760
397 475
399 826
408 802
410 520
414 666
416 421
420 815
421 517
421 562
421 623
421 758
421 828
421 869
421 959
421 996
422 475
425 673
429 633
433 922
435 481
440 447
440 524
440 544
440 562
440 600
440 613
440 652
440 947
440 999
448 619
453 531
453 562
453 686
453 854
453 986
454 612
458 474
458 532
458 562
458 763
458 779
458 836
458 864
458 867
460 666
463 562
463 997
466 475
473 564
475 504
475 537
475 562
475 611
475 630
475 644
475 800
475 936
475 948
475 981
481 562
481 570
481 572
481 860
481 890
487 562
489 561
496 561
499 562
499 837
500 562
500 908
508 559
514 562
515 564
520 562
520 684
520 695
520 880
520 995
520 1000
525 555
528 784
535 784
538 715
543 834
545 562
546 898
550 612
555 562
555 646
555 811
555 885
555 932
559 562
559 571
559 590
559 680
559 968
560 562
560 563
560 699
560 804
560 855
560 935
561 562
561 952
562 564
562 589
562 594
562 602
562 610
562 612
562 619
562 633
562 650
562 664
562 666
562 673
562 678
562 682
562 702
562 705
562 712
562 715
562 738
562 766
562 767
562 784
562 796
562 802
562 808
562 815
562 826
562 834
562 844
562 847
562 866
562 877
562 883
562 896
562 898
562 922
562 980
562 982
564 670
564 761
564 957
574 712
580 715
594 642
612 624
612 656
612 838
612 945
614 619
619 848
619 882
619 903
633 799
633 884
633 887
633 893
633 904
635 796
639 712
649 664
650 739
650 764
650 966
659 715
660 712
664 827
664 891
664 897
664 907
666 730
666 733
668 834
673 750
673 818
673 830
673 841
673 871
683 877
687 815
702 879
702 975
706 883
712 716
712 769
712 892
715 939
715 972
715 991
719 784
743 834
747 796
785 815
794 922
796 872
803 883
815 874
815 949
823 898
834 956
834 963
