607
430
3 322
4 700
4 772
5 390
5 623
5 773
8 653
8 749
9 654
10 706
10 778
13 422
13 712
14 462
15 666
16 509
18 220
18 558
18 573
18 771
20 399
20 456
21 370
21 666
21 819
22 389
22 718
25 473
29 450
29 782
30 301
30 373
37 347
37 808
39 277
39 636
39 654
39 744
39 810
40 386
40 628
42 579
44 375
46 458
47 363
47 456
52 317
52 386
52 458
52 565
56 719
57 523
58 757
61 506
65 288
65 456
67 410
70 296
70 452
70 509
72 340
72 511
72 711
72 765
75 696
78 382
78 409
78 460
78 532
78 711
78 717
80 360
80 504
84 307
84 523
84 615
84 624
84 654
86 495
86 513
87 286
87 472
88 853
90 840
96 654
99 654
101 644
104 474
104 519
104 791
104 806
105 379
105 439
105 454
105 654
105 687
105 729
105 879
106 787
106 853
107 498
109 392
109 524
109 838
111 654
113 342
116 612
116 662
116 725
116 770
116 866
117 639
119 543
119 893
120 586
120 639
120 777
124 575
124 856
125 579
126 747
127 512
127 578
129 864
130 524
131 662
131 740
135 654
135 738
139 542
141 340
142 700
143 354
143 375
143 662
143 668
144 810
145 638
145 835
145 871
147 403
148 536
150 840
153 409
157 772
158 818
158 863
158 959
159 840
160 772
160 892
161 639
161 785
162 702
163 446
163 623
165 499
165 613
165 804
169 386
169 452
169 530
169 578
169 623
169 653
169 662
169 772
169 844
169 883
169 889
171 523
172 389
172 416
172 662
172 919
172 925
173 896
182 438
182 959
183 403
183 424
192 738
197 432
197 498
197 896
197 917
203 504
203 914
204 966
209 890
211 530
211 614
211 704
212 411
212 474
214 458
216 909
218 450
218 669
218 755
218 887
220 473
220 563
220 575
220 626
220 641
220 644
220 650
220 772
220 931
221 615
223 772
223 787
223 862
223 988
224 755
225 867
228 499
228 595
228 679
229 452
239 597
239 654
239 684
241 701
241 832
244 671
244 701
244 814
244 865
244 889
244 973
247 772
250 452
250 470
250 491
250 665
250 790
253 542
253 557
253 662
253 934
257 696
260 522
262 578
262 698
262 940
263 896
265 476
265 883
268 844
271 883
271 967
275 495
281 576
281 579
281 720
284 504
286 581
286 623
287 504
290 543
291 589
292 653
293 866
295 581
296 756
298 530
301 883
301 907
303 966
304 644
307 695
313 988
316 602
316 701
317 911
321 553
321 673
321 802
321 963
322 844
327 625
327 772
331 596
331 850
332 723
333 963
336 535
336 808
337 770
342 625
342 930
344 612
349 653
351 571
351 592
351 622
351 706
351 715
352 671
354 820
359 771
364 623
364 692
369 616
369 811
369 963
371 864
378 601
379 584
384 844
386 666
386 711
386 747
386 840
386 896
386 959
387 601
387 772
390 823
394 623
394 997
395 971
401 729
403 671
410 696
415 662
415 812
416 858
419 675
420 625
421 740
422 666
429 889
436 683
436 896
438 724
448 728
450 757
450 796
450 889
451 869
452 696
452 897
452 971
456 772
459 862
462 889
468 865
474 706
474 772
474 835
474 922
475 752
475 896
476 816
479 705
479 864
489 772
489 928
490 986
493 971
495 772
495 877
499 824
499 896
499 986
504 739
504 763
504 772
506 966
517 959
519 961
521 864
522 808
523 944
524 867
524 963
526 866
530 801
530 957
530 966
534 787
536 864
543 988
551 927
562 866
565 989
575 927
577 869
577 890
577 896
578 813
578 864
579 808
579 889
579 904
579 976
589 959
591 904
596 852
596 876
596 963
598 896
606 889
628 965
639 889
639 1000
642 949
642 982
643 866
644 909
644 924
644 951
654 889
654 955
660 976
662 963
675 889
675 895
699 943
702 919
711 943
711 949
719 963
723 976
728 963
751 959
764 966
