510
400
1 880
4 40
4 538
4 622
4 862
4 952
4 973
7 407
7 414
7 544
8 28
8 958
10 523
11 866
15 983
16 914
19 238
19 828
23 255
23 603
23 722
24 337
27 650
28 361
28 755
28 800
29 798
29 892
30 60
30 269
30 730
34 565
34 969
35 327
35 528
35 531
38 55
38 132
38 319
39 169
39 228
40 73
41 648
43 98
43 179
43 564
46 570
47 866
49 673
50 93
50 545
55 241
55 280
55 342
55 970
57 854
57 982
58 371
60 665
65 610
66 296
66 701
66 824
67 523
68 176
68 793
71 293
72 326
72 751
74 701
75 80
75 181
76 656
76 767
76 891
77 358
77 414
79 188
79 339
79 342
79 814
79 894
79 954
79 978
80 567
84 407
84 807
91 200
91 293
91 325
91 404
91 501
91 617
91 622
91 730
91 797
91 918
91 924
97 622
97 747
97 779
101 954
102 617
102 776
103 501
104 551
104 639
106 394
110 589
112 383
114 490
116 238
116 271
118 272
120 860
124 528
128 617
128 795
128 996
129 378
129 899
134 263
135 180
136 630
143 267
143 894
144 257
144 904
145 733
148 284
148 843
148 877
151 342
151 372
158 474
158 621
159 325
162 387
162 603
162 939
163 583
163 924
165 362
165 970
166 782
166 879
167 429
169 325
169 480
169 951
171 653
176 414
178 242
178 783
178 969
179 193
180 695
180 914
183 548
187 603
188 447
189 289
194 301
196 527
196 908
199 610
212 589
212 771
216 644
216 982
218 684
219 408
223 428
223 782
223 789
225 309
226 445
227 849
232 510
232 975
233 971
236 656
236 983
238 263
238 325
238 678
238 715
240 414
240 481
249 304
250 440
256 896
257 357
257 797
258 603
260 944
261 575
272 768
272 782
273 789
276 440
280 477
280 635
281 289
281 566
283 866
286 420
286 567
289 474
289 694
289 849
289 864
289 908
290 651
292 561
292 818
293 926
294 412
300 944
301 490
302 516
302 918
304 703
306 684
309 905
317 570
317 785
319 897
320 336
320 651
320 701
322 334
322 848
325 394
325 764
326 716
334 730
336 431
337 538
339 608
342 437
342 564
342 584
342 622
342 782
346 408
351 538
351 574
351 762
356 668
356 709
365 926
366 730
366 860
370 701
371 954
372 874
373 445
375 701
376 653
377 418
378 479
378 603
378 901
378 980
380 417
380 982
381 515
381 606
381 849
383 716
386 894
387 744
390 908
392 559
392 873
394 733
404 476
406 730
408 622
408 855
412 610
413 797
413 802
414 575
415 647
417 992
418 595
418 853
418 905
423 877
423 976
429 501
429 925
433 469
433 641
433 663
437 510
437 518
438 619
438 797
440 800
445 578
445 612
445 924
449 871
461 694
463 849
466 575
484 855
490 501
501 639
508 817
508 831
512 952
516 609
518 734
518 960
522 622
522 964
523 595
528 727
528 969
530 591
530 681
542 703
544 749
545 622
545 666
545 935
546 650
548 617
548 647
552 996
559 571
559 595
559 870
561 877
564 963
565 841
567 595
567 709
567 792
570 800
575 622
575 656
575 716
581 837
589 603
591 603
595 603
595 622
595 800
595 969
603 866
610 701
617 710
622 650
622 701
622 864
622 914
623 884
630 905
639 932
641 782
646 701
646 837
648 896
649 982
653 884
653 918
666 988
673 877
684 924
689 891
689 998
699 798
700 769
701 769
702 726
703 831
703 918
707 951
709 961
710 803
713 797
716 740
720 954
726 849
730 999
782 798
782 944
849 913
864 982
871 924
877 914
880 905
896 918
896 972
924 971
