14099
555
473 678
474 928
475 864
476 613
487 672
489 508
311 891
311 320
304 766
304 928
440 928
416 826
416 818
419 439
419 550
419 543
419 716
419 769
419 869
420 489
419 979
410 515
408 598
409 684
435 508
439 448
439 544
439 823
439 897
429 672
433 476
416 555
410 670
410 808
410 893
411 414
413 896
414 422
414 415
414 460
414 668
414 888
414 803
414 934
414 972
414 908
414 997
416 421
399 463
399 773
394 749
397 413
397 773
327 934
329 893
331 473
331 672
331 730
322 672
325 515
458 864
459 864
381 414
382 893
383 882
385 678
386 646
377 773
372 419
372 975
367 934
369 642
369 841
359 841
353 416
354 394
354 447
354 590
354 600
354 779
354 760
354 750
354 847
354 898
354 922
354 880
348 515
342 818
340 425
340 818
340 939
332 934
336 571
336 614
336 598
336 657
336 811
336 968
494 624
496 893
497 948
497 934
502 614
504 624
639 678
644 928
646 934
656 730
659 851
659 882
660 882
672 738
672 857
672 855
672 935
672 883
678 686
678 893
680 773
682 773
683 818
683 986
684 847
684 936
684 956
687 872
528 531
531 537
531 649
531 672
531 894
531 932
532 882
535 893
538 773
546 898
560 613
562 650
562 980
563 773
563 892
565 818
570 872
570 903
570 871
570 959
572 684
574 613
580 891
584 872
589 882
598 672
601 841
602 947
610 928
611 818
612 624
613 614
614 773
614 785
614 749
614 879
614 982
614 945
614 1000
614 866
624 652
624 785
624 884
624 890
624 987
628 684
635 672
695 847
699 864
705 841
706 730
705 995
730 891
730 981
730 928
733 980
739 818
743 872
747 785
761 872
764 934
765 896
773 874
776 893
785 827
785 949
785 844
785 876
794 934
800 934
804 928
818 848
828 934
830 980
836 864
838 882
841 957
847 887
854 893
860 928
864 905
867 934
872 944
882 907
882 980
893 991
908 964
928 966
928 952
928 996
934 999
947 963
453 531
454 614
508 559
508 586
508 763
508 799
508 758
508 947
508 885
514 614
515 594
515 630
515 904
515 837
516 614
517 928
525 773
127 397
99 623
100 682
80 760
103 329
79 624
81 563
113 322
75 659
88 982
119 550
120 991
82 996
121 439
128 706
129 630
77 776
130 367
132 514
133 659
134 997
115 956
98 650
106 440
135 857
131 502
136 562
137 896
96 560
84 903
91 421
90 991
110 433
111 908
104 639
109 508
107 652
105 311
117 979
118 986
116 421
94 935
125 894
123 897
74 706
76 440
97 684
101 429
102 750
78 580
83 896
108 864
112 657
126 687
92 515
122 733
86 325
85 610
89 383
95 532
114 761
124 531
87 416
93 823
155 882
180 308
141 670
188 766
168 474
175 944
192 893
138 600
152 399
182 885
183 890
187 855
191 818
196 359
197 904
199 586
167 419
156 460
162 935
144 354
169 447
173 614
174 537
142 413
149 972
143 716
160 572
146 683
153 546
148 306
150 458
151 302
172 836
177 957
186 447
185 763
154 440
145 1000
165 565
189 312
161 827
158 968
190 656
194 884
193 936
139 680
159 460
147 353
179 331
181 348
184 872
140 310
166 869
171 372
195 800
198 678
164 410
176 594
157 408
163 830
170 571
178 999
229 650
227 980
223 705
237 504
218 838
238 823
236 905
214 327
231 635
242 949
233 419
209 394
245 590
232 642
247 489
248 611
249 570
235 749
203 987
251 416
252 799
219 892
205 642
240 584
253 939
215 524
241 874
254 315
256 847
222 613
200 517
207 730
208 719
213 422
206 315
216 550
224 848
202 644
204 871
221 678
230 764
239 473
217 544
243 385
226 730
246 574
211 811
212 841
255 959
257 747
201 888
258 981
225 758
228 535
244 869
259 342
220 496
234 555
250 803
260 668
261 879
262 410
263 612
210 646
289 808
297 883
293 425
269 947
276 743
300 555
284 308
283 804
288 612
292 867
298 320
268 369
270 340
275 386
274 310
296 686
290 963
273 880
287 769
278 571
286 738
266 463
295 719
299 932
291 487
294 525
282 494
285 377
280 947
267 383
272 883
265 538
277 453
271 893
264 844
279 476
281 336
302 476
73 660
72 382
315 893
316 524
316 623
316 730
319 818
320 416
57 898
60 448
58 354
59 739
62 952
61 649
63 981
64 602
65 773
68 425
70 966
69 785
71 589
66 435
67 319
3 628
6 894
1 860
2 866
12 857
13 411
14 409
15 610
16 779
4 995
17 887
18 466
7 695
5 394
9 934
8 699
11 543
10 329
23 528
25 876
20 922
24 975
26 948
27 837
19 415
21 571
22 602
29 907
31 516
32 794
30 964
28 891
33 905
34 459
37 945
35 420
36 828
40 414
38 765
42 672
43 764
39 826
41 601
44 559
45 614
46 851
47 316
48 332
49 460
50 381
51 454
52 475
53 928
54 304
55 854
56 893
312 515
306 624
306 799
306 830
306 888
306 459
306 544
448 719
308 818
320 743
310 414
463 841
466 893
