415
364
250 452
250 470
250 665
250 491
250 790
253 509
253 557
253 626
253 934
254 591
254 702
257 624
260 642
262 698
263 642
265 476
265 904
268 626
268 856
322 907
340 997
340 967
332 723
333 616
336 535
336 808
340 749
342 601
342 778
344 819
347 738
349 755
349 692
382 869
384 718
386 711
386 959
390 823
401 914
392 684
392 720
395 729
396 643
396 757
396 850
399 823
401 729
403 740
403 671
406 818
352 806
354 739
354 909
359 771
360 571
359 914
360 876
360 832
363 811
363 939
364 623
370 928
370 749
371 780
371 864
378 601
379 584
379 922
44 462
44 668
46 512
46 458
47 363
47 614
42 445
273 801
273 777
275 756
275 782
277 817
281 576
281 579
284 591
286 623
286 704
287 824
288 592
288 628
290 771
291 586
292 563
292 536
293 744
293 806
295 749
304 644
296 756
298 725
298 838
298 811
298 1000
300 852
301 907
301 883
301 925
303 613
303 966
316 602
316 668
25 763
25 817
78 460
78 532
75 313
75 696
75 819
88 631
88 853
88 871
89 785
89 668
90 840
95 384
95 740
96 406
96 846
99 526
111 439
111 669
111 879
113 342
113 597
129 337
125 782
125 791
126 349
78 711
84 523
101 360
101 300
101 638
107 498
117 565
197 498
197 917
197 896
199 536
199 715
203 914
204 966
57 523
57 660
57 699
58 802
58 757
61 595
129 511
129 765
129 924
130 910
131 641
131 866
131 740
139 712
139 892
141 340
142 700
142 925
144 819
144 810
144 930
147 684
148 536
148 895
150 445
150 840
153 672
156 756
156 672
157 626
157 614
158 818
158 863
159 472
159 607
159 699
159 780
162 631
162 702
169 386
169 653
169 662
169 772
171 523
171 726
171 553
179 669
173 384
179 411
183 403
183 424
183 436
183 801
183 717
192 439
192 613
192 846
29 764
29 782
30 337
30 373
30 301
30 439
209 752
211 530
211 704
214 458
214 533
214 796
214 820
214 790
517 959
521 864
523 944
526 866
530 957
530 966
532 911
534 787
533 951
536 864
549 955
551 852
551 927
558 790
558 817
562 989
565 806
577 896
577 869
579 808
579 904
586 917
598 896
606 967
606 1000
614 909
616 965
628 965
631 893
636 904
642 982
643 866
644 909
669 904
669 922
679 965
684 925
415 662
415 812
419 726
420 796
421 638
421 740
436 683
424 940
424 806
429 793
432 939
448 728
439 695
445 692
446 669
451 869
452 696
452 971
454 740
454 961
458 801
459 850
459 910
462 724
468 940
470 813
474 772
474 706
475 740
475 752
475 854
476 804
476 816
482 897
490 854
493 728
493 971
495 877
495 772
498 724
498 739
216 439
218 755
218 669
218 887
220 772
220 644
220 650
220 931
221 459
221 773
223 772
223 787
223 719
224 624
224 755
225 562
225 622
225 924
228 679
228 595
228 858
228 804
229 452
698 909
702 967
712 914
723 997
747 997
18 771
9 247
20 399
9 454
67 392
236 824
236 773
241 832
241 1000
244 671
244 973
244 814
15 460
15 549
15 705
15 672
14 462
18 220
18 573
16 509
25 482
25 607
9 738
10 260
10 673
10 706
10 778
10 793
3 687
4 263
3 702
4 751
4 700
5 390
5 623
56 749
56 513
