1045
425
113 117
120 131
116 117
116 132
123 124
125 129
127 130
129 130
126 130
114 118
122 123
131 132
120 124
121 124
127 211
128 129
125 132
133 137
115 118
119 123
117 118
111 112
148 212
139 143
140 144
141 144
142 158
151 158
147 150
153 156
134 138
149 150
135 157
146 157
146 150
143 144
135 138
152 156
154 155
155 156
137 138
142 143
145 149
148 149
151 155
136 137
169 170
167 170
159 163
171 175
161 164
173 176
174 175
175 176
160 164
165 169
163 164
161 183
172 183
174 426
168 184
172 176
177 181
177 184
157 158
166 211
162 163
168 169
166 170
186 190
183 184
195 196
189 190
187 209
197 201
179 182
185 189
194 210
181 182
191 195
198 202
198 209
185 212
199 202
180 181
187 190
200 201
188 189
193 196
194 195
178 182
192 196
222 238
223 224
214 218
203 210
204 208
213 217
209 210
203 207
217 218
206 207
221 224
219 223
222 223
201 202
211 212
205 208
216 217
220 224
215 237
215 218
207 208
246 250
226 230
234 235
245 249
227 230
228 229
232 236
233 236
243 244
231 238
239 243
231 235
235 236
240 244
241 244
246 425
241 263
226 237
247 250
229 230
237 238
233 317
242 243
225 229
254 318
255 256
257 264
261 262
258 262
257 261
263 264
266 270
267 270
251 255
265 269
259 262
268 269
267 289
269 270
260 261
248 264
248 249
254 255
252 256
253 256
249 250
252 263
284 288
275 276
271 275
273 276
283 287
285 288
286 287
287 288
281 282
283 290
274 275
289 290
277 281
291 295
291 318
280 281
272 317
292 296
279 282
278 282
274 290
272 276
278 289
298 302
306 307
301 302
310 314
311 314
305 308
294 295
304 315
299 302
293 296
307 308
312 313
313 314
309 313
293 315
309 316
315 316
297 301
300 301
300 316
295 296
303 307
304 308
331 335
319 323
335 336
337 344
317 318
332 336
320 324
321 324
337 341
325 329
328 344
319 426
334 335
322 323
326 330
329 330
327 330
328 329
321 343
332 343
323 324
333 336
360 361
349 350
360 424
340 341
355 356
343 344
347 369
351 355
354 355
348 349
358 369
338 342
346 350
352 356
347 350
341 342
354 370
357 361
358 362
345 349
359 362
339 342
339 423
353 356
375 376
363 370
364 368
369 370
361 362
372 376
363 367
373 376
374 375
377 381
379 382
373 395
380 381
378 423
380 396
381 382
383 387
366 367
365 368
367 368
378 382
371 375
384 395
399 421
397 401
400 401
403 407
404 408
405 408
390 394
406 407
387 388
395 396
399 402
384 388
389 393
391 394
397 424
385 388
392 393
389 396
393 394
398 402
401 402
386 387
425 426
410 421
411 414
413 414
421 422
406 422
409 413
415 422
417 420
407 408
415 419
416 420
419 420
423 424
412 413
418 419
410 414
97 101
103 104
94 95
100 101
108 112
93 96
95 96
109 112
99 102
99 425
105 106
109 131
97 104
110 111
107 111
101 102
98 102
87 90
91 95
88 89
92 96
92 103
88 104
89 90
3 6
10 11
3 25
7 11
2 6
5 6
9 12
8 12
1 5
4 5
10 26
14 18
16 17
11 12
13 17
15 18
17 18
14 25
19 23
20 24
19 26
22 23
25 26
27 31
21 24
28 32
23 24
21 105
29 32
29 51
30 31
31 32
35 38
34 38
33 37
39 43
40 44
36 37
36 52
37 38
40 51
43 44
42 106
45 49
41 44
42 43
45 52
46 50
47 50
48 49
49 50
51 52
53 57
54 58
55 77
56 57
57 58
55 58
61 64
59 63
60 64
62 63
62 78
65 69
60 105
63 64
66 70
68 69
69 70
71 75
72 76
71 78
66 77
67 70
77 78
74 75
73 76
75 76
81 84
79 83
80 84
79 106
83 84
85 89
81 103
82 83
86 90
