856
766
1 434
11 177
11 192
9 175
9 132
9 255
26 227
10 106
12 248
14 235
12 266
12 787
13 750
15 16
15 274
15 276
15 496
15 810
16 122
35 96
17 153
17 344
25 772
17 663
25 338
19 213
19 573
20 275
20 691
26 722
20 976
23 349
21 977
22 61
22 724
23 24
22 874
24 941
23 31
23 635
23 948
24 78
24 542
33 737
30 177
30 527
35 470
35 483
36 778
37 468
38 62
38 39
38 182
39 718
40 95
42 507
90 547
92 174
92 781
93 957
95 208
95 542
96 110
96 262
96 320
98 189
43 512
43 977
44 981
45 421
47 69
47 207
47 208
47 376
47 719
47 702
47 981
47 847
49 675
49 937
50 383
54 315
54 149
54 160
54 649
55 230
55 584
55 573
55 834
55 948
57 96
57 867
58 610
59 90
59 519
61 741
61 875
62 343
62 865
63 188
63 136
63 642
63 620
66 159
66 746
67 228
67 336
67 368
67 529
67 732
67 670
68 400
68 696
70 189
71 380
71 703
71 839
73 878
74 100
74 649
74 872
77 78
77 673
78 109
78 292
78 767
80 161
82 514
90 330
83 277
85 702
86 539
86 858
87 290
90 165
90 153
190 587
182 183
182 266
182 933
184 415
184 374
186 576
186 946
188 388
188 997
188 886
199 446
190 750
190 785
192 531
193 411
193 605
193 829
194 370
194 628
195 252
195 928
208 677
199 707
199 988
200 971
202 302
202 287
202 683
202 591
202 921
203 817
205 512
208 240
106 157
98 623
98 595
99 290
99 963
99 875
101 514
102 483
103 492
104 533
105 291
105 189
106 427
106 270
110 722
113 460
114 242
114 275
114 410
122 302
122 284
115 238
116 634
116 985
116 981
119 297
119 294
120 493
123 126
123 856
127 135
127 251
129 148
129 397
129 805
130 462
133 519
134 139
134 677
135 363
135 631
135 738
136 813
136 653
137 225
137 945
138 197
138 626
138 737
140 263
140 866
142 741
144 255
144 516
145 484
145 258
145 383
146 254
148 401
148 616
149 279
149 450
150 161
150 287
154 321
154 654
155 241
155 175
155 499
164 671
164 873
157 735
158 199
158 464
158 764
159 172
161 220
160 950
161 583
172 927
164 960
165 252
165 482
165 986
167 417
167 239
168 603
168 929
170 508
170 291
170 533
170 568
170 917
172 310
181 949
181 910
173 392
173 495
174 311
173 998
174 669
175 362
176 271
176 838
177 257
177 242
178 918
180 236
181 333
181 359
430 645
418 854
418 758
420 584
421 532
422 592
423 980
426 825
443 615
443 576
432 902
433 971
435 795
435 676
435 618
437 539
439 737
442 461
445 922
448 618
449 944
450 729
451 590
451 857
451 775
454 468
456 457
456 701
470 636
458 592
458 641
458 960
459 917
459 920
460 647
460 924
462 512
463 535
463 646
463 464
463 992
465 671
464 973
466 996
467 820
468 937
469 540
472 820
473 690
473 745
473 938
474 852
474 923
476 654
476 737
477 858
478 591
479 577
480 980
482 587
483 562
483 871
483 913
209 459
209 793
209 814
210 435
210 991
211 325
211 292
211 352
211 977
212 493
213 546
213 730
216 610
218 671
221 387
222 484
223 527
224 383
224 930
225 386
225 771
227 855
227 971
228 777
228 741
228 596
229 463
230 355
230 705
231 330
231 826
234 235
234 565
235 335
235 482
236 249
236 682
237 658
237 565
238 499
238 747
238 953
239 421
239 270
239 481
239 616
240 471
240 740
240 734
240 857
242 821
245 357
245 643
245 671
249 373
249 915
251 388
253 275
252 752
253 417
254 500
254 905
254 910
254 564
256 487
256 268
258 351
258 956
259 843
259 875
261 587
262 645
263 995
266 793
267 670
268 461
268 629
269 291
270 935
270 999
271 559
271 567
272 456
273 415
274 438
274 361
274 763
274 840
275 982
278 335
278 958
281 435
281 915
282 463
283 378
284 578
287 804
288 337
288 556
288 562
288 395
288 990
290 627
291 764
293 902
294 657
295 378
297 730
298 464
299 778
301 507
302 603
304 530
305 750
306 489
306 612
307 468
307 403
307 561
308 977
309 426
309 523
310 495
311 981
312 643
313 867
315 632
326 409
321 782
321 753
322 434
322 872
323 507
324 609
324 800
330 428
331 667
331 729
333 420
333 952
335 513
336 461
336 493
338 617
338 834
339 963
340 673
342 667
343 934
343 970
344 375
345 581
346 347
345 734
346 517
347 601
347 367
347 848
348 417
359 383
358 945
349 409
349 653
350 384
350 430
349 915
350 490
350 820
351 387
352 797
352 885
353 456
353 417
353 357
354 396
354 460
357 585
357 776
360 381
361 866
362 522
362 558
362 863
363 577
364 456
365 718
368 474
368 802
369 387
370 397
370 550
373 893
374 502
374 697
374 535
376 773
377 629
378 472
379 865
379 998
381 704
381 648
392 912
382 991
383 686
385 993
387 861
389 835
390 413
390 866
391 781
393 814
396 419
396 459
396 563
397 622
401 426
400 727
400 759
400 839
401 765
402 867
402 817
404 448
408 540
410 548
410 833
412 578
413 455
414 679
414 779
414 885
415 716
416 671
417 865
417 957
485 641
488 558
488 541
489 736
489 941
491 737
492 504
491 818
492 907
492 803
493 624
493 951
497 872
512 876
498 793
501 998
504 670
504 891
504 867
507 552
507 748
507 787
513 919
513 972
514 703
517 754
517 959
520 835
520 878
523 572
526 722
527 877
528 657
530 610
529 993
530 538
530 607
533 690
534 911
537 582
536 980
539 852
540 681
540 819
542 769
542 601
550 715
553 915
555 941
557 742
558 866
559 603
577 680
560 793
561 985
565 728
565 945
569 777
593 834
579 653
582 636
586 755
591 734
591 756
594 699
594 791
596 898
598 658
599 838
603 932
604 752
607 785
609 751
610 849
614 991
617 974
618 922
624 800
625 981
625 996
626 941
629 796
632 816
633 657
634 688
634 768
637 789
639 922
640 696
644 645
651 652
651 793
652 978
655 807
656 826
655 896
658 681
660 785
661 702
662 750
663 944
672 779
677 808
679 726
684 980
689 944
691 926
694 755
695 957
699 765
700 764
710 851
714 837
714 829
718 758
720 950
723 948
725 918
729 788
730 846
733 779
735 870
736 799
736 989
742 840
743 797
749 867
756 789
755 915
756 918
764 911
766 781
777 806
778 941
794 869
794 954
794 984
797 901
797 946
798 867
805 864
856 873
812 891
813 936
815 851
818 908
820 904
828 922
830 957
845 918
850 985
853 915
860 977
866 881
869 948
897 976
896 915
916 929
915 943
915 969
939 950
955 957
961 998
979 991
8 729
8 277
2 570
2 536
2 359
2 389
4 10
4 289
4 452
5 193
5 54
5 603
6 17
6 20
5 873
6 368
6 366
6 432
6 710
6 884
6 784
10 381
12 68
