372
343
41 494
39 228
39 285
40 73
90 93
90 548
93 665
97 984
97 730
98 433
98 181
97 779
71 293
72 196
72 751
73 803
73 663
73 624
74 584
74 506
74 701
74 544
80 378
101 954
103 721
103 502
103 431
103 768
104 390
104 980
104 639
104 551
106 649
110 983
112 383
112 814
114 433
114 998
116 357
116 271
116 438
58 371
58 915
65 183
65 433
67 860
68 176
68 793
755 802
770 824
771 922
776 860
783 843
788 814
795 860
814 828
700 769
702 751
701 769
702 935
707 747
707 951
709 961
709 715
713 925
720 954
721 964
727 792
734 911
740 892
740 785
678 814
680 727
681 911
682 818
621 904
623 917
623 960
635 908
639 932
649 982
576 854
578 722
581 966
590 976
590 768
15 983
16 244
16 493
16 909
16 947
1 880
24 255
24 331
24 430
24 337
24 682
27 451
152 527
158 474
158 621
159 477
162 387
162 939
162 755
22 27
22 227
38 55
38 319
35 327
35 531
132 449
132 922
134 271
135 827
136 744
144 479
144 904
145 152
967 972
926 932
841 984
849 913
873 935
873 992
877 914
911 988
915 922
542 566
544 749
546 650
548 617
548 647
552 996
552 755
553 699
553 925
561 877
564 963
570 590
512 713
516 609
517 975
518 960
518 734
517 922
518 783
484 855
494 749
494 802
502 508
502 531
508 817
463 517
463 537
463 566
480 624
481 947
431 678
430 952
433 469
433 663
436 493
437 518
436 978
438 619
438 797
442 466
442 762
442 818
445 612
449 578
451 583
430 461
406 680
406 730
407 518
408 855
414 849
415 647
415 578
415 734
416 779
415 951
418 595
418 853
420 506
428 516
428 649
386 843
387 744
390 908
392 477
392 873
404 476
404 720
381 606
361 618
365 926
370 701
371 954
372 874
376 653
375 701
376 387
376 740
377 418
377 966
378 479
378 901
381 515
358 768
339 608
346 408
346 909
351 574
356 695
356 709
356 668
319 897
319 894
319 619
322 848
322 469
331 807
336 377
336 431
294 975
296 517
300 944
302 516
302 908
306 447
313 767
313 447
293 926
276 440
284 870
285 870
285 571
289 474
290 517
290 651
289 908
292 387
292 561
292 512
255 416
255 606
256 619
256 935
258 292
260 416
261 322
261 983
267 371
269 512
273 789
238 437
238 715
240 414
241 762
241 283
242 331
242 915
244 589
249 275
249 304
250 440
250 971
219 408
223 428
223 789
223 944
225 537
226 373
226 445
226 313
227 849
228 992
232 975
232 855
232 967
233 971
200 542
200 770
216 544
216 644
183 984
187 387
188 275
188 447
189 289
193 306
193 576
194 961
195 258
195 958
196 336
196 527
197 447
196 908
197 481
199 785
165 917
165 362
165 339
166 451
166 879
167 788
171 517
176 414
176 764
10 171
9 999
10 502
10 574
11 827
11 860
11 866
9 47
9 372
4 973
4 862
4 952
27 650
43 98
43 564
43 650
43 618
46 570
47 269
47 880
47 866
47 651
49 233
49 218
49 911
118 553
120 860
124 276
129 378
129 899
