595
88
337 339
337 341
344 631
343 344
341 342
339 343
340 342
154 813
154 159
159 161
160 161
160 165
165 166
94 97
90 94
97 100
102 103
96 640
103 107
97 101
99 101
99 102
96 100
110 113
107 110
112 457
113 117
112 113
117 120
120 122
166 167
169 172
167 168
168 169
169 760
175 180
173 175
172 173
173 585
180 184
184 727
267 268
267 553
268 269
272 274
269 274
274 277
277 281
281 409
25 30
25 975
30 35
38 593
35 38
409 410
446 449
454 457
449 453
453 454
553 557
559 560
556 557
563 566
560 563
556 559
563 567
577 579
568 573
567 568
572 577
573 577
588 593
583 588
585 588
579 583
629 630
629 763
626 683
626 631
629 631
635 640
630 635
683 688
726 727
760 763
818 821
813 818
975 979
