686
655
288 739
289 396
290 481
290 387
291 369
291 333
290 920
293 470
293 507
293 678
295 665
296 894
307 665
298 324
300 691
300 767
305 484
306 938
307 905
309 365
310 330
315 886
316 932
316 994
220 289
220 453
220 655
220 829
221 402
221 835
222 344
223 732
224 284
223 914
226 471
226 786
226 905
238 462
229 564
229 893
230 465
230 251
230 617
231 569
231 621
231 808
232 360
232 902
236 811
237 607
237 303
237 524
237 757
238 305
239 555
240 531
240 936
242 429
242 863
242 965
243 489
244 549
278 406
278 752
279 342
279 546
280 343
280 538
281 334
283 888
283 932
284 544
284 930
285 896
150 592
150 846
151 937
152 418
154 502
156 241
156 210
156 712
160 540
163 272
163 664
163 937
164 838
164 965
164 947
165 946
169 862
169 992
170 679
173 248
173 664
176 555
176 516
178 201
178 658
179 274
179 429
182 269
182 914
184 362
186 968
187 533
189 384
189 799
192 370
192 858
195 336
196 572
140 717
133 747
133 895
133 791
134 196
134 694
135 593
136 798
137 148
137 201
137 916
138 685
139 150
138 882
140 365
100 449
101 343
102 148
102 650
103 186
103 840
103 761
103 870
104 192
104 358
105 544
105 931
106 856
107 298
118 474
119 182
119 795
120 526
120 943
122 431
123 581
124 198
124 812
125 214
125 734
126 337
126 563
126 815
126 908
126 982
129 362
129 596
131 305
257 789
249 257
249 708
249 866
249 970
251 344
253 868
253 987
256 877
256 630
259 272
261 505
268 696
269 411
271 723
271 712
272 326
272 482
273 620
275 711
275 940
276 719
16 387
78 409
79 275
79 557
79 574
80 281
80 110
80 727
81 780
81 601
83 318
83 333
83 803
69 787
69 743
70 638
73 382
73 619
73 651
74 207
74 332
74 673
61 152
54 316
56 443
56 485
56 821
57 299
57 726
57 981
57 917
45 696
46 108
45 987
46 612
46 306
46 296
46 816
48 337
48 658
48 624
48 525
49 261
49 478
49 545
50 663
50 811
51 189
51 221
51 638
51 915
31 51
31 122
30 953
31 422
33 315
33 247
33 727
33 837
33 839
33 884
34 390
35 54
35 129
35 209
37 988
63 123
63 243
63 611
65 74
65 275
65 805
65 775
66 239
38 737
40 580
41 287
41 583
41 403
41 713
24 195
26 190
26 455
26 586
26 774
28 909
29 309
29 792
29 608
108 777
109 351
110 622
111 727
114 201
114 936
114 724
116 128
141 374
141 375
142 478
143 315
143 541
143 615
143 653
144 472
144 221
144 656
145 182
144 909
144 832
145 342
145 813
147 187
147 216
147 770
423 442
423 455
427 939
428 626
430 540
430 595
432 459
433 681
434 592
435 873
436 637
437 478
437 954
439 593
441 824
446 774
448 664
449 450
450 637
451 591
451 652
456 615
456 796
458 963
459 709
460 477
461 727
466 907
471 658
472 666
471 978
488 502
474 855
475 610
475 879
477 684
479 581
480 737
480 846
481 822
201 847
203 218
203 783
204 697
205 287
205 559
205 569
205 719
206 449
206 493
206 807
207 550
207 842
208 222
208 498
209 447
209 682
209 772
209 898
210 691
211 897
211 856
212 565
214 904
215 254
215 314
215 477
216 833
216 793
318 710
318 880
320 471
320 423
320 949
322 608
323 332
323 433
323 593
323 934
324 768
324 801
325 451
330 336
333 442
333 722
333 616
333 697
335 966
335 919
336 608
341 742
341 917
342 938
345 849
345 706
346 533
349 381
362 688
351 550
352 389
352 827
352 881
352 750
355 641
355 516
355 927
357 503
357 666
358 535
357 962
358 978
360 470
362 937
363 485
363 639
364 756
364 893
366 406
367 774
370 421
371 958
371 920
372 526
372 825
373 748
4 993
4 988
6 37
6 408
6 680
7 61
7 132
7 309
10 103
10 85
10 131
10 536
10 547
7 814
7 643
8 832
85 514
88 165
88 663
90 273
90 552
90 283
90 340
90 572
91 128
1 284
1 602
1 996
2 234
2 690
11 69
11 887
12 116
12 226
10 718
14 995
15 382
15 372
15 636
16 214
16 255
18 229
20 576
20 374
20 715
20 686
20 632
21 441
21 899
21 769
22 609
22 747
374 759
378 574
380 645
381 919
387 872
390 856
395 711
396 634
397 690
399 886
400 706
401 612
402 978
405 773
405 984
405 999
406 432
406 430
407 470
407 733
409 420
414 469
414 962
416 545
416 480
417 873
417 644
417 930
417 986
420 587
421 521
420 965
421 841
492 592
493 545
493 526
494 870
495 623
495 784
496 615
496 642
499 863
501 651
502 537
515 666
516 633
521 998
523 793
524 689
525 685
526 760
526 921
528 538
530 532
530 564
530 909
532 740
533 537
534 881
538 905
542 685
544 965
547 868
549 839
551 655
551 675
552 833
555 639
557 992
557 890
560 853
561 993
562 902
563 818
565 959
567 970
580 608
582 715
581 978
582 865
585 626
588 882
589 691
591 658
602 924
603 884
607 798
614 663
614 799
623 915
624 676
626 664
630 871
633 897
633 776
632 939
634 959
638 953
639 735
640 868
644 802
645 720
651 683
652 859
657 681
658 848
663 939
666 704
679 739
679 866
681 768
684 860
686 743
687 879
689 914
690 737
695 743
696 902
696 860
699 720
700 722
706 988
710 785
716 750
720 905
754 958
728 936
731 893
734 753
734 938
734 992
747 904
748 750
752 908
767 938
768 977
773 953
776 812
776 936
778 965
778 963
780 914
783 943
792 908
797 821
804 858
804 907
808 917
822 911
832 869
837 904
840 930
853 969
855 978
862 901
862 917
943 966
881 908
896 984
899 919
904 993
904 930
908 932
921 965
919 975
924 959
973 982
969 995
988 997
14 251
14 481
12 866
12 938
12 877
94 349
94 577
97 131
98 352
98 490
98 610
99 626
