877
106
43 49
4 9
10 16
15 21
25 31
5 10
28 34
37 43
47 53
17 23
6 7
7 13
1 5
22 28
9 15
19 25
11 17
21 27
6 11
3 7
13 19
27 33
1 3
31 37
33 39
35 41
39 45
16 22
29 35
1 4
23 29
41 47
49 55
72 78
80 86
95 100
98 99
53 59
101 102
102 103
61 67
103 104
92 98
97 98
104 105
55 61
73 79
89 95
105 106
67 73
59 65
84 90
94 100
100 101
77 83
86 92
65 71
71 77
79 85
90 96
83 89
78 84
85 91
88 94
91 97
96 99
134 135
131 132
117 118
125 126
111 119
131 133
138 141
138 147
120 124
122 125
125 131
119 120
107 108
112 113
115 118
106 107
114 115
123 124
126 127
137 138
118 119
135 138
109 110
109 111
108 109
113 114
121 124
120 122
127 129
128 129
131 134
143 147
142 144
140 141
150 151
147 149
151 153
142 143
144 146
149 150
