2110
422
10 300
10 491
10 504
10 437
10 364
10 871
10 625
4 11
2 94
2 58
2 143
2 364
2 398
2 455
2 466
2 545
2 668
2 756
2 932
2 940
2 844
2 845
4 167
4 143
4 187
4 406
4 372
4 365
4 564
4 572
4 585
4 723
4 713
4 720
4 676
4 954
4 994
4 926
4 847
5 42
5 396
5 293
5 330
5 360
5 738
5 654
5 919
5 925
5 943
6 15
6 293
6 410
6 337
6 527
6 540
6 582
6 598
6 761
6 834
6 696
6 827
6 804
6 771
17 184
20 34
20 132
21 33
21 414
21 334
21 623
21 740
21 761
21 588
21 950
9 32
9 268
31 378
31 839
32 98
32 181
32 183
32 443
32 903
32 598
33 227
34 284
34 496
34 555
34 571
34 844
34 796
35 224
35 126
35 541
35 563
35 574
35 766
35 841
45 575
45 625
50 364
50 680
54 84
54 56
55 381
55 400
55 414
55 445
55 724
11 776
13 31
13 355
13 224
13 350
13 231
13 446
13 478
13 731
13 604
13 651
13 769
14 34
13 844
14 846
16 924
15 318
15 832
16 206
16 156
16 302
16 312
16 738
16 947
17 39
16 976
39 668
39 934
41 771
41 698
41 630
42 189
42 315
42 763
92 713
94 195
94 447
94 537
94 835
94 913
95 400
56 769
58 90
58 153
58 952
60 510
60 976
71 853
65 733
65 844
67 738
67 718
71 143
74 285
74 598
79 337
81 933
81 756
82 795
82 994
83 925
197 478
193 504
198 668
200 651
98 725
100 571
101 720
107 925
108 545
111 932
112 804
113 156
115 293
124 940
125 206
126 682
129 933
130 293
145 372
142 406
142 810
143 553
143 528
147 574
155 598
156 802
156 985
158 167
159 994
160 954
163 364
165 698
167 755
167 777
167 678
167 826
167 657
167 892
168 446
174 396
176 733
178 312
179 491
180 398
181 307
183 343
187 459
432 713
433 504
437 989
442 680
443 456
445 554
450 844
451 845
453 545
468 598
455 908
457 926
461 950
463 466
466 618
466 579
466 757
466 712
466 923
466 898
474 654
475 588
478 897
483 564
491 595
490 925
491 874
492 903
211 293
210 847
212 406
214 932
217 723
222 300
224 462
231 441
232 455
239 940
240 355
241 731
243 926
244 720
245 588
246 410
249 756
258 696
259 598
260 396
261 796
266 943
267 844
269 943
273 455
276 738
281 455
284 700
285 767
286 360
287 564
288 845
289 491
292 924
293 838
294 940
298 545
301 932
302 369
304 364
305 364
308 381
309 510
312 991
316 940
328 396
330 788
332 844
334 569
336 844
337 380
337 650
347 545
348 668
350 358
349 769
350 648
350 679
355 509
356 540
356 769
360 636
360 639
360 805
361 623
364 566
364 737
365 628
365 487
365 803
368 585
372 411
372 997
374 564
377 575
384 696
386 954
392 651
396 772
398 711
398 785
398 616
398 864
402 630
406 485
406 681
406 816
406 967
408 455
409 604
410 754
410 652
415 696
416 455
419 771
496 697
496 959
508 574
512 571
511 954
514 827
517 943
521 934
527 568
527 543
527 837
529 943
535 718
540 860
541 868
542 582
545 920
545 993
550 713
551 766
555 729
556 769
557 795
558 845
560 844
561 810
563 586
564 948
572 937
573 845
583 844
585 782
585 912
592 731
594 919
598 990
604 814
604 972
613 713
620 771
625 840
626 845
631 940
633 723
635 676
638 954
665 724
651 825
654 869
654 982
656 834
658 994
687 756
676 866
676 966
676 979
688 796
696 883
699 845
708 723
723 822
731 902
740 1000
741 947
756 789
760 827
768 932
806 954
819 954
824 926
841 981
844 885
844 975
845 893
845 872
845 879
845 931
847 901
853 888
855 871
871 916
889 954
