21024
999
32 33
35 36
36 37
37 38
31 32
23 24
38 39
26 27
27 28
28 29
29 30
30 31
33 34
25 26
34 35
24 25
2 3
3 4
7 8
9 10
16 17
19 20
21 22
12 13
11 12
6 7
8 9
13 14
10 11
14 15
4 5
15 16
18 19
1 2
5 6
17 18
20 21
22 23
53 215
54 60
46 47
53 71
53 80
39 40
52 53
42 43
53 107
54 81
43 44
49 50
45 46
51 53
51 295
51 1000
44 45
47 48
41 42
48 49
50 51
51 551
53 62
40 41
53 134
55 64
64 145
58 85
55 136
57 75
55 73
57 219
56 137
55 82
57 84
56 110
58 112
55 109
55 57
59 77
58 139
59 60
59 86
54 135
56 74
57 138
58 220
54 216
59 113
54 108
55 58
56 83
55 56
57 111
55 217
56 218
64 65
61 115
70 151
60 78
60 114
61 70
61 88
63 117
64 67
59 140
60 87
59 221
63 66
63 69
63 72
70 124
70 232
64 91
60 69
63 90
63 144
62 224
64 118
61 223
60 222
62 116
61 64
61 142
62 63
62 89
60 141
62 143
63 225
83 164
87 168
105 267
83 245
85 247
86 248
87 249
104 266
85 166
86 167
105 186
88 169
88 250
67 94
65 92
68 149
67 76
67 68
67 121
68 95
69 96
69 150
65 227
65 119
64 226
67 69
68 122
65 146
67 229
69 123
67 148
68 230
69 231
78 132
78 159
73 127
73 235
71 233
72 126
76 157
71 125
75 156
74 155
71 152
72 153
73 154
74 236
75 102
75 237
76 238
72 234
80 242
79 160
79 241
81 162
80 98
82 244
80 161
79 80
81 243
79 97
79 106
78 240
82 163
138 192
138 165
138 147
176 257
147 228
94 256
89 170
92 254
93 120
91 253
100 181
93 255
101 128
102 129
92 173
96 177
100 102
98 179
98 260
90 171
91 172
96 258
99 102
93 174
93 102
89 251
90 252
94 103
94 175
104 185
100 262
99 261
101 102
101 104
99 180
102 183
102 264
103 265
101 263
104 131
103 130
103 184
101 182
102 105
113 194
107 269
109 190
109 271
108 270
110 272
135 189
106 268
110 191
112 193
112 274
114 195
114 276
113 275
115 196
115 277
129 210
123 285
117 198
126 288
121 202
129 291
123 204
124 205
119 281
127 289
131 212
131 293
132 213
118 199
125 206
120 201
125 287
124 286
128 209
121 283
119 200
127 208
126 207
128 290
117 279
120 282
118 280
122 203
122 284
134 188
133 134
133 187
132 294
133 214
295 297
155 158
157 211
158 239
165 246
170 176
170 197
169 178
178 259
197 278
192 273
238 292
297 316
297 302
297 301
297 306
296 297
300 395
300 396
300 367
300 375
300 376
300 386
300 370
297 489
300 378
300 383
300 374
297 478
300 389
300 392
300 393
300 401
300 408
300 430
300 410
300 406
300 404
300 417
300 419
300 423
297 348
300 402
300 407
300 421
300 424
300 426
300 428
300 400
300 425
300 409
297 390
300 438
300 447
300 435
300 454
300 457
300 458
297 361
297 382
297 369
300 449
300 440
300 431
300 441
300 448
300 437
300 445
300 452
300 453
300 459
300 461
300 462
300 484
300 467
300 475
300 486
300 490
300 470
300 479
300 465
297 420
300 491
300 493
300 476
300 463
300 488
300 471
300 487
300 492
297 412
300 474
300 500
300 497
300 520
300 521
300 506
297 442
300 502
300 509
300 513
300 519
300 499
300 496
300 503
300 515
300 523
297 444
300 495
300 501
300 532
300 534
297 510
297 524
297 525
297 514
297 522
300 543
298 300
300 539
300 537
300 542
300 544
300 538
300 549
300 540
300 541
300 548
306 536
306 546
306 518
306 507
306 529
306 547
306 528
306 533
306 527
307 329
307 373
307 323
307 334
307 381
307 398
307 387
307 505
307 455
307 477
307 550
307 512
308 377
308 508
308 516
300 366
300 330
300 341
300 310
300 345
300 349
300 353
300 306
300 356
300 315
300 357
300 363
300 364
300 305
300 318
300 327
300 313
300 328
300 324
300 335
300 350
300 321
300 317
300 332
300 304
300 309
300 362
300 331
299 306
301 372
301 427
301 405
301 469
301 535
301 526
303 306
306 450
306 483
306 485
306 439
306 466
306 464
306 460
306 494
306 434
306 436
306 456
306 451
306 473
305 338
305 344
306 311
306 308
306 319
306 320
306 307
306 312
306 343
306 351
306 355
306 340
306 371
306 384
306 354
306 360
306 333
306 337
306 385
306 336
306 346
306 342
306 339
306 365
306 394
306 413
306 414
306 422
306 403
306 416
306 432
306 433
311 325
311 326
311 347
311 352
311 314
311 322
311 358
311 368
311 380
311 379
311 391
311 418
311 359
311 411
311 415
311 399
311 397
311 388
311 472
311 481
311 482
311 468
311 446
311 429
311 480
311 443
311 504
311 545
311 530
311 511
311 531
311 498
311 517
624 625
619 620
620 621
626 627
629 630
621 622
614 615
612 613
618 619
627 628
625 626
630 631
631 632
632 633
622 623
623 624
617 618
634 635
616 617
633 634
613 614
615 616
652 653
636 637
653 654
647 648
648 649
655 656
658 659
640 641
637 638
639 640
642 643
638 639
656 657
651 652
654 655
641 642
649 650
659 660
646 647
644 645
635 636
643 644
650 651
657 658
645 646
660 661
676 677
677 678
673 674
675 676
669 670
680 681
661 662
667 668
671 672
681 682
679 680
683 684
668 669
678 679
672 673
682 683
664 665
663 664
665 666
670 671
662 663
674 675
666 667
694 695
695 696
691 692
695 773
699 700
685 686
702 703
689 690
703 704
701 702
704 705
692 693
693 694
705 706
688 689
696 697
697 698
686 687
687 688
698 699
700 701
684 685
690 691
718 719
714 715
707 785
707 708
712 713
715 716
709 710
711 712
710 711
719 720
721 722
716 717
713 714
720 721
723 724
724 725
717 718
725 726
726 727
722 723
727 728
708 709
740 741
729 730
731 732
738 739
739 740
741 742
745 746
747 748
732 733
734 735
749 750
733 734
737 738
736 737
752 753
744 745
753 754
754 755
735 736
746 747
743 744
730 731
742 743
751 752
748 749
750 751
728 729
766 767
759 760
765 766
758 759
774 775
776 777
760 761
777 778
761 762
778 779
779 780
762 763
767 768
763 764
769 770
757 758
768 769
770 771
771 772
772 773
773 774
775 776
764 765
755 756
780 781
781 782
756 757
803 804
788 789
792 793
790 791
789 790
791 792
796 797
786 787
797 798
798 799
799 800
793 794
785 786
800 801
782 783
801 802
795 796
802 803
787 788
804 805
783 784
794 795
807 808
814 815
823 824
824 825
817 818
810 811
805 806
820 821
821 822
813 814
806 807
825 826
816 817
818 819
826 827
808 809
827 828
819 820
812 813
822 823
809 810
811 812
815 816
830 831
833 834
829 830
835 836
832 833
842 843
847 848
844 845
848 849
840 841
831 832
841 842
850 851
828 829
836 837
845 846
846 847
849 850
839 840
831 909
838 839
843 844
851 852
834 835
852 853
853 854
837 838
860 861
869 870
870 871
872 873
863 864
858 859
871 872
857 932
864 865
861 862
867 868
865 866
868 869
857 858
874 875
875 876
878 879
879 880
880 881
876 877
856 857
881 882
855 856
866 867
882 883
883 884
877 878
884 885
854 855
859 860
873 874
892 893
903 904
899 900
908 909
895 896
922 923
885 886
890 891
894 895
896 897
901 902
902 903
914 915
900 901
897 898
905 906
910 911
893 894
904 905
906 907
911 912
916 917
918 919
886 887
887 888
888 889
889 890
898 899
912 913
915 916
907 908
917 918
913 914
919 920
920 921
921 922
891 892
930 931
923 924
927 928
932 933
934 935
936 937
931 932
929 930
924 925
928 929
925 926
935 936
933 934
926 927
603 604
598 599
591 592
593 594
596 597
592 593
599 600
606 607
607 608
609 610
597 598
600 601
595 596
605 606
604 605
608 609
601 602
610 611
611 612
602 603
594 595
552 553
551 552
553 554
561 562
556 557
563 564
565 566
558 559
554 555
567 568
566 567
559 560
570 571
572 573
560 561
564 565
562 563
569 570
571 572
557 558
573 574
555 556
574 575
575 576
576 577
566 644
568 569
588 941
588 938
587 588
585 586
588 589
583 584
588 940
588 946
588 944
588 948
588 943
588 953
588 956
582 583
588 954
588 959
588 960
588 942
588 945
588 963
588 952
588 964
588 965
588 939
581 582
584 585
580 581
588 950
588 961
588 966
588 967
588 949
588 968
579 580
588 947
588 955
588 957
588 951
588 958
588 962
577 578
578 579
586 587
588 971
588 990
588 982
588 989
588 993
588 995
588 973
588 983
588 999
589 590
588 977
588 970
588 978
588 979
588 974
588 987
588 991
588 981
588 984
588 988
588 992
588 996
588 972
588 975
588 998
590 591
588 980
588 976
588 985
588 997
588 994
588 969
588 986
