6000
150
9 117
9 104
89 172
90 146
92 112
91 637
96 144
97 360
98 105
99 126
93 144
94 189
95 202
85 107
86 292
87 120
88 103
75 144
76 131
77 105
78 519
79 134
80 172
81 117
74 128
68 110
69 169
71 135
70 788
72 656
73 112
61 118
62 125
63 110
64 128
65 194
66 269
67 169
23 973
24 690
25 618
26 125
27 112
28 112
29 112
53 290
54 973
55 144
56 396
57 112
58 125
59 115
60 173
46 112
47 155
48 126
49 973
50 155
51 173
52 172
39 125
40 360
41 134
42 169
43 190
44 126
30 151
31 101
32 844
33 303
34 112
35 360
36 396
37 124
82 110
83 112
84 265
1 112
1 189
1 155
1 125
1 396
1 290
1 269
1 618
1 973
2 172
2 169
2 173
2 262
2 202
2 155
2 144
2 325
2 360
2 844
2 656
2 901
3 110
3 128
3 135
3 155
3 292
3 295
3 303
4 124
4 104
3 690
4 107
4 118
4 190
4 126
4 151
4 134
4 146
38 262
22 161
16 173
17 103
18 206
19 362
20 290
21 135
45 325
10 161
10 125
11 128
11 194
12 112
13 901
14 151
15 125
15 101
5 105
5 103
5 120
5 112
5 107
5 265
5 362
5 788
5 637
6 107
6 131
100 125
8 169
8 206
6 519
7 115
7 295
