369
90
1 2
1 3
1 4
1 8
1 7
1 5
1 6
1 9
1 10
1 11
1 53
2 12
2 13
2 16
2 14
2 15
2 17
2 18
2 19
2 20
2 21
3 22
4 23
5 24
6 25
7 26
8 27
9 28
10 29
11 30
12 31
26 45
27 46
28 47
13 32
14 33
15 34
16 35
17 36
18 37
19 38
20 39
21 40
22 41
23 42
24 43
25 44
29 48
30 49
31 50
32 51
33 52
35 54
36 55
37 56
38 57
39 58
40 59
41 60
53 61
53 67
60 73
61 62
61 64
62 65
63 65
63 66
67 68
68 71
69 71
69 72
70 72
73 74
74 75
75 76
76 77
77 83
78 83
79 80
80 81
81 82
82 83
83 88
83 84
84 85
85 86
85 87
88 89
89 90
90 91
